Orignal Tree
7350
36872
31502
39013
44286
55655
56557
78119
78562
25152
32950
7853
42940
88633
11285
73196
83706
71453
89089
56862
85406
68759
71960
31191
13604
39600
32827
13705
13518
36453
31300
85285
15569
29704
31407
1390
35061
30382
9072
53313
48933
31326
79962
76228
23239
56857
30352
10627
88524
7292
38511
44764
16888
27015
3122
676
42047
3046
67871
70920
38784
1676
22471
4096
74889
61293
19882
12937
90991
83488
6210
57544
78197
8209
77854
93231
28326
59495
80647
64577
24590
99443
19411
43231
72700
11773
44050
75761
25430
92194
92851
80502
74187
56314
29420
99840
43767
5904
13344
8699
71145
6302
73217
3553
47790
63774
66720
79472
3682
26005
65369
44649
55916
62409
35698
5879
47681
46530
13743
73771
51948
78127
94029
30417
38717
44186
51322
82699
45070
91261
91179
49257
12715
48464
52005
28647
94001
71046
19606
93498
5803
94320
27302
26808
58418
52236
22448
59012
1634
28022
78978
42097
62429
24413
93834
82534
99788
68365
89000
66590
82135
21950
62566
11082
34867
38852
17745
71293
96459
96014
80320
9294
9367
88652
68817
18960
19169
21034
66332
73364
29273
52025
33386
32617
39453
13570
51873
3369
40121
51315
8498
83918
15972
25186
60948
22584
89769
49300
4341
41219
81221
4332
8188
96011
2045
78474
37336
68833
91464
13856
41201
43601
25655
43545
93001
57230
92883
70186
84115
85197
89527
7350
63019
36660
38728
71905
27739
37730
34812
88014
92698
86638
91349
29609
49653
70119
24643
57343
29414
36627
47354
59792
18385
51564
16065
23321
92420
31875
39523
3235
912
30981
84374
62251
37213
27465
9385
12446
40316
75131
87248
14365
46582
54544
88283
73363
55875
85101
49647
76988
91217
9737
47612
25508
78889
28360
59752
61236
4224
52241
53020
74706
90073
69256
53478
27010
75197
72701
3919
69669
84891
30132
72211
63741
40600
26044
86610
55957
42123
48362
74031
96427
72758
29187
73825
25502
5173
59390
14929
22014
26696
35913
69597
90496
75439
37357
39081
56025
11155
13881
70659
51252
195
98210
62189
35224
82640
74107
93164
90495
18378
55871
5614
41080
71162
51982
18726
9536
21758
66486
3015
30430
3522
55501
5015
16706
78632
80756
40073
92822
84622
43994
29997
72964
75295
71213
16580
79519
44090
67811
98185
37588
177
62053
1030
49863
27363
54821
11337
39302
62272
19118
79627
81171
55412
5489
99000
21193
852
18388
35858
71366
68274
26762
22706
99314
30700
18078
11518
81715
75195
21299
48658
93532
67698
75274
1501
77932
66094
43497
29656
42410
35102
958
3710
78063
24043
62191
25647
90482
43868
3353
55114
20118
48694
92190
92297
10753
48266
27084
8413
75374
20989
32252
61397
97654
1986
20724
8684
1513
55528
62577
40021
2376
7381
99366
87697
62715
30250
12050
99659
48458
97163
16089
78090
5997
49118
83805
8800
33118
23561
47250
22282
95801
52275
6571
62069
29933
45486
77142
58653
36591
98727
99542
37530
27284
95966
65972
22715
21783
25418
177
30618
31115
40716
19321
86408
88749
3843
59175
73572
68819
79108
17568
70621
18170
63281
45982
17785
66313
73992
59957
29611
93513
78403
27807
93293
77171
44688
41633
13125
94814
78909
57873
9812
22555
13726
49719
65014
63766
49972

Updated Tree
7350
36872
35152
116365
26281
79825
82277
82738
50793
50793
82738
103714
103714
82277
111069
145951
145951
111069
156902
156902
79825
145190
52022
46532
46532
52022
44795
44795
145190
111560
61111
61111
111560
116585
116585
26281
141061
87808
145381
156190
156190
145381
102246
102246
87808
40398
45803
45803
40398
40979
40979
141061
53621
42880
70917
70917
42880
3798
3798
53621
69062
136182
136182
69062
24147
24147
116365
45676
44397
153202
84085
171085
171085
84085
135741
135741
153202
14419
118854
118854
14419
145224
145224
44397
111814
174027
185045
185045
174027
119811
119811
111814
37203
49671
49671
37203
85734
85734
45676
134222
99908
48331
130494
130494
48331
76770
76770
99908
54092
118325
118325
54092
91374
91374
134222
150617
81739
130075
130075
81739
60273
60273
150617
121452
127769
127769
121452
82903
82903
35152
58895
132853
77414
84168
152738
113104
113104
152738
122648
122648
84168
123051
74684
74684
123051
54110
54110
77414
54267
166378
118247
118247
166378
121075
121075
54267
90451
104085
104085
90451
157365
157365
132853
71727
125237
28327
176334
176334
28327
89038
89038
125237
135311
40203
40203
135311
157469
157469
71727
44161
11867
53023
53023
11867
85411
85411
44161
61890
99890
99890
61890
91436
91436
58895
111823
87531
127716
70878
12520
12520
70878
45560
45560
127716
130521
105320
105320
130521
115810
115810
87531
185780
148216
163069
163069
148216
136546
136546
185780
82885
75388
75388
82885
96877
96877
111823
63785
21620
99533
120958
120958
99533
180712
180712
21620
121450
83981
83981
121450
81986
81986
63785
87383
63163
71398
71398
63163
39386
39386
87383
143984
64678
64678
143984
115355
115355
9385
122763
108114
73159
35305
129008
124600
140976
140976
124600
142827
142827
129008
119945
104397
104397
119945
100954
100954
35305
64012
126179
164779
164779
126179
56465
56465
64012
114256
73588
73588
114256
102207
102207
73159
115608
134829
103218
98080
98080
103218
66644
66644
134829
150351
99327
99327
150351
169185
169185
115608
120573
48512
160093
160093
48512
48710
48710
120573
50842
84540
84540
50842
95106
95106
108114
160022
114597
145118
57596
108873
108873
57596
156747
156747
145118
128388
28262
28262
128388
112242
112242
114597
118060
165378
21721
21721
165378
33952
33952
118060
58516
73991
73991
58516
132895
132895
160022
119968
83465
89416
135773
135773
89416
123609
123609
83465
84391
66158
66158
84391
50893
50893
119968
71390
72218
104489
104489
72218
160798
160798
71390
74530
95036
95036
74530
54246
54246
122763
91568
106690
50642
44826
44998
161230
161230
44998
96494
96494
44826
130373
72066
72066
130373
144026
144026
50642
86792
52047
116129
116129
52047
102106
102106
86792
65901
184487
184487
65901
75232
75232
106690
53180
55839
76252
159051
159051
76252
96363
96363
55839
40665
102598
102598
40665
10197
10197
53180
29070
103160
111709
111709
103160
150412
150412
29070
129616
132923
132923
129616
94179
94179
91568
41453
162112
127081
175869
92002
92002
175869
148076
148076
127081
28853
137072
137072
28853
95244
95244
162112
92736
129465
30795
30795
129465
44498
44498
92736
91390
63018
63018
91390
105729
105729
41453
50845
86983
167505
63767
63767
167505
88791
88791
86983
80849
106210
106210
80849
89568
89568
50845
145421
87569
136782
136782
87569
54758
54758
145421
139502
113738
113738
139502
63445
63445
